cam 0.0 0.0 -5  -3.5 -2.5 0.0   3.5 -2.5 0.0  -3.5 2.5 0.0   3.5 2.5 0.0
ltp  2.0 0.0 0.0   0.8 0.8 0.8 2
ltd  2.0 0.0 0.0   0.2 0.2 0.2
mat .1 .1 .2  0.0 0.0 0.8  0.3 0.3 0.3 50.0  1.0 1.0 1.0
sph 0.0 -5.0 1 1
sph 0.0 -5.0 3 1
sph 0.0 -5.0 6 1
sph 0.0 -5.0 9 1
sph 0.0 -5.0 12 1
sph 0.0 -5.0 15 1
sph 5.0 -5.0 1 1
sph 5.0 -5.0 3 1
sph 5.0 -5.0 6 1
sph 5.0 -5.0 9 1
sph 5.0 -5.0 12 1
sph 5.0 -5.0 15 1
sph -5.0 -5.0 1 1
sph -5.0 -5.0 3 1
sph -5.0 -5.0 6 1
sph -5.0 -5.0 9 1
sph -5.0 -5.0 12 1
sph -5.0 -5.0 15 1
mat 1 1 1  0.0 0.0 0.0  0.0 0.0 0.0 0.0  1.0 1.0 1.0
sph 0.0 5.0 1 1
sph 0.0 5.0 3 1
sph 0.0 5.0 6 1
sph 0.0 5.0 9 1
sph 0.0 5.0 12 1
sph 0.0 5.0 15 1
sph 5.0 5.0 1 1
sph 5.0 5.0 3 1
sph 5.0 5.0 6 1
sph 5.0 5.0 9 1
sph 5.0 5.0 12 1
sph 5.0 5.0 15 1
sph -5.0 5.0 1 1
sph -5.0 5.0 3 1
sph -5.0 5.0 6 1
sph -5.0 5.0 9 1
sph -5.0 5.0 12 1
sph -5.0 5.0 15 1